-22.20985520412473 2.896945420641181
-20.785125152406223 2.889977049415478
-19.600957071250406 2.8495323818403495
-18.263736482663543 2.7818769274904955
-17.321792695657717 2.7375765617155547
-16.290677121932948 2.7243426809151536
-15.224296540677518 2.622728967940901
-14.159578283009395 2.55073585311626
-12.973747878266273 2.4806705873915202
-11.937645333779592 2.3785749121422946
-10.598762421605423 2.281298859642831
-9.587950943125582 2.089859427669797
-8.181862663064697 1.8750649071218515
-7.083541721453216 1.7443125582729682
-6.013836493023181 1.5834576489994951
-4.976071624949196 1.4517413756006583
-3.9669224700566588 1.2899225417772353
-2.6466813295401046 0.9848203399555331
-1.5130953803979672 0.7656881589327948
-0.5678269462175329 0.6621465968586389
-0.04811335038688824 0.5814781610844122
0.7237984811175693 0.3269418346123505
1.366286547610514 0.2185806497884233
1.7632256727788587 0.1656049630639025

