-21.98953940634596 2.8351739089978594
-19.503347379335096 2.846750721131478
-16.9565484055351 2.8593324648739173
-14.893297797391961 2.8342493719177444
-12.802358133166729 2.868919512422071
-11.073752941020084 2.867934679445426
-9.886688644006963 2.769029310505257
-8.515189089313958 2.61388796873546
-7.570552579457386 2.510962873360006
-6.5007805500538325 2.3211714897180595
-5.67474351646306 2.1569857634688745
-4.910620638317667 2.0214204894389116
-4.018747823312815 1.7397381594863663
-3.129489425620438 1.5173065971899131
-2.3614449215063296 1.2928651716758157
-1.4972611625835732 0.9514296082627709
-0.8175126613407002 0.6662300176793519
-0.4065737946802379 0.28763208337210244
