-22.07121205671872 2.6267174439330656
-20.8240025007316 2.558456410119982
-19.487128947298412 2.521329165447339
-17.72179467397377 2.402365106813164
-16.018416558035597 2.3120208039586068
-14.221450158290988 2.1639341828726497
-12.39285163212642 1.9867249993349105
-10.04612838862433 1.7588127909760853
-7.947229774668122 1.645379605735723
-6.1476471840165985 1.4380422464018725
-4.808157439676499 1.3416642634813396
-3.2195349703370653 1.1011818883183917
-1.7245007848040643 0.9184418313868417
-0.23077469472451995 0.7653271435792401
1.4778358030274816 0.5564813642288975
3.123182047939558 0.4058807097821173
4.703955944558249 0.3431505493628446
7.200991247439411 0.14737774348878752
8.752749208545055 0.05451940727340521

