-22.120859717680833 2.1520180237658497
-19.536679958529387 2.0169842890182625
-15.893375069782277 1.929159103596776
-11.970227290852538 1.697738735146343
-8.751142834356804 1.602879495972564
-5.556656033176488 1.389024164606429
-3.6031031182709903 1.1249456894489214
-0.5601236143233095 0.9085781960283921
1.1192902145306647 0.6696012441183505
3.4264789855650406 0.6189158625089721
5.8302759390701056 0.4512441183507452
8.323551319881968 0.3147030863705247
10.695620862907727 0.17615232474678955
13.823800941063883 0.07978578834037897
