3.504 1.775
3.520 1.725
3.537 1.738
3.554 1.768
3.570 1.767
3.587 1.759
3.604 1.804
4.037 2.047
4.054 2.102
4.071 2.144
4.087 2.141
4.104 2.148
4.121 2.139
4.137 2.138
4.154 2.137
4.171 2.213
4.872 2.765
4.888 2.722
4.905 2.730
4.922 2.745
4.938 2.807
5.355 3.267
5.589 3.576
5.672 3.711
5.756 3.800
5.839 3.889
5.889 3.924
5.923 3.997
6.006 4.252
6.089 4.367
6.173 4.403
6.240 4.550
6.256 4.603
6.340 4.651
6.423 4.828
6.507 4.865
6.590 4.908
6.657 4.998
6.673 5.028
6.690 5.043
6.707 5.058
6.723 5.049
6.740 5.050
6.757 5.068
6.773 5.083
6.840 5.167
6.924 5.228 
7.007 5.389
7.090 5.513
7.174 5.610
7.257 5.725
7.324 5.814
7.341 5.777
7.424 5.869
7.508 5.975
7.591 6.011
7.674 6.099
7.758 6.118
7.841 6.135
7.925 6.215
8.008 6.376
8.091 6.410
8.175 6.517
8.258 6.670
8.342 6.743
8.392 6.800
8.425 6.869
8.509 6.938
8.592 6.985
8.675 7.074
8.759 7.176
8.842 7.187
8.926 7.324
9.009 7.401
9.092 7.494
9.176 7.629
9.259 7.738
9.343 7.864
9.409 7.951
9.426 7.989
9.510 8.072
9.593 8.206
9.676 8.292
9.760 8.379
9.843 8.499
9.893 8.490
9.927 8.560
10.010 8.686
10.077 8.709
10.093 8.766
10.127 8.833
10.177 8.894
10.260 8.975
10.344 9.129
10.410 9.184
10.427 9.241
10.511 9.387
10.594 9.505
10.677 9.640
10.694 9.655
10.761 9.774
10.844 9.926
10.928 10.05
