0.000 -5.427E-3 -1.435E-4 4.980E-3 -1.828E-4
0.017 -5.377E-3 -1.810E-4 4.933E-3 -1.670E-4
0.033 -5.312E-3 -1.986E-4 4.914E-3 -1.135E-4
0.050 -5.332E-3 -2.460E-4 4.854E-3 -8.823E-5
0.067 -5.292E-3 -2.136E-4 4.841E-3 -7.877E-5
0.083 -5.247E-3 -2.162E-4 4.810E-3 -9.444E-5
0.100 -5.190E-3 -2.437E-4 4.763E-3 -7.864E-5
0.117 -5.153E-3 -2.563E-4 4.703E-3 -5.337E-5
0.133 -5.110E-3 -2.414E-4 4.678E-3 -3.445E-5
0.150 -5.105E-3 -2.763E-4 4.584E-3 -2.837E-6
0.167 -5.070E-3 -2.714E-4 4.593E-3 9.730E-6
0.184 -5.020E-3 -3.089E-4 4.590E-3 3.176E-5
0.200 -4.973E-3 -3.290E-4 4.511E-3 1.105E-4
0.217 -4.958E-3 -3.090E-4 4.452E-3 5.715E-5
0.234 -4.945E-3 -3.340E-4 4.449E-3 7.918E-5
0.250 -4.898E-3 -3.541E-4 4.436E-3 8.864E-5
0.267 -4.823E-3 -3.168E-4 4.348E-3 7.620E-5
0.284 -4.831E-3 -3.267E-4 4.266E-3 9.836E-5
0.300 -4.771E-3 -3.718E-4 4.222E-3 9.214E-5
0.317 -4.733E-3 -3.843E-4 4.153E-3 1.048E-4
0.334 -4.703E-3 -3.444E-4 4.172E-3 1.300E-4
0.350 -4.603E-3 -3.571E-4 4.077E-3 1.616E-4
0.367 -4.588E-3 -3.371E-4 4.043E-3 1.679E-4
0.384 -4.534E-3 -3.472E-4 3.945E-3 2.216E-4
0.400 -4.464E-3 -3.998E-4 3.879E-3 2.123E-4
0.417 -4.416E-3 -4.198E-4 3.832E-3 2.281E-4
0.434 -4.359E-3 -3.850E-4 3.782E-3 2.659E-4
0.450 -4.326E-3 -4.250E-4 3.728E-3 2.471E-4
0.467 -4.179E-3 -3.952E-4 3.672E-3 2.504E-4
0.484 -4.144E-3 -3.903E-4 3.584E-3 3.166E-4
0.501 -4.064E-3 -3.879E-4 3.549E-3 3.229E-4
0.517 -4.014E-3 -4.255E-4 3.401E-3 3.357E-4
0.534 -3.934E-3 -4.231E-4 3.329E-3 3.705E-4
0.551 -3.790E-3 -4.383E-4 3.250E-3 3.706E-4
0.567 -3.740E-3 -4.759E-4 3.181E-3 3.833E-4
0.584 -3.677E-3 -4.760E-4 3.125E-3 3.865E-4
0.601 -3.510E-3 -5.237E-4 3.011E-3 3.930E-4
0.617 -3.363E-3 -4.940E-4 2.883E-3 4.310E-4
0.634 -3.285E-3 -4.741E-4 2.788E-3 3.840E-4
0.651 -3.233E-3 -4.667E-4 2.669E-3 4.345E-4
0.667 -3.026E-3 -5.445E-4 2.552E-3 3.844E-4
0.684 -2.941E-3 -5.147E-4 2.417E-3 3.877E-4
0.701 -2.706E-3 -5.350E-4 2.266E-3 4.226E-4
0.717 -2.544E-3 -5.478E-4 2.055E-3 4.041E-4
0.734 -2.474E-3 -5.379E-4 1.888E-3 3.918E-4
0.751 -2.244E-3 -5.233E-4 1.744E-3 3.826E-4
0.767 -2.105E-3 -5.036E-4 1.602E-3 3.514E-4
